0 464 77 103 410 653 89 138 396 771 13 159 533 408 68 85 444 229 27 202 548 847 23 156 542 542 104 117 377 1082 72 132 447 22 0 211 585 
1 466 82 103 399 658 85 125 406 764 7 175 551 405 71 90 438 838 28 165 535 228 15 199 570 544 106 114 370 1081 75 131 446 26 0 210 591 
2 468 81 101 399 652 87 123 408 740 21 163 528 403 70 95 434 834 30 163 527 223 14 202 568 546 106 114 371 1081 79 133 437 28 0 206 588 
3 654 82 114 408 751 16 220 552 468 76 103 404 403 67 94 437 726 13 164 550 827 30 164 531 225 12 201 569 547 106 113 371 1082 79 131 440 30 0 200 589 
4 470 78 104 401 724 4 161 563 227 16 203 559 542 107 120 366 402 69 99 432 1083 75 131 447 31 0 197 597 817 33 164 529 
5 470 80 102 394 725 0 157 578 229 23 201 546 27 0 202 605 400 70 103 428 542 109 120 364 1082 77 131 445 817 21 160 553 
6 471 79 102 396 722 5 157 568 24 0 206 591 228 31 202 532 400 70 106 426 543 108 119 365 809 23 167 545 1082 79 133 441 
7 471 81 101 395 716 0 162 582 227 35 208 528 403 74 106 419 21 0 205 594 540 108 126 364 808 20 169 542 1082 75 133 447 
8 477 89 83 381 712 0 169 588 404 75 106 417 226 29 211 541 539 108 127 362 779 13 187 562 13 0 206 595 1082 77 133 445 
9 478 92 81 379 407 78 104 414 226 29 210 539 541 105 119 370 710 0 175 588 771 12 193 563 7 0 206 594 1083 80 130 439 
10 482 94 79 376 541 102 117 378 407 75 109 416 229 21 204 549 706 0 182 588 769 6 193 574 1082 82 131 433 9 0 197 594 
11 483 95 78 372 542 100 115 383 407 75 110 417 227 19 205 549 763 0 199 586 684 0 182 583 1081 82 134 431 8 0 197 589 
12 484 95 77 369 542 99 112 383 408 70 112 424 229 11 205 564 676 0 186 578 757 9 202 576 1081 82 135 433 7 0 197 584 
13 484 95 76 372 541 96 111 386 405 71 113 424 229 11 201 568 674 0 189 573 6 0 198 592 1081 82 134 432 755 10 204 576 
14 484 98 76 365 543 96 109 377 404 69 114 428 228 6 202 579 8 0 196 582 669 6 190 564 1081 82 135 434 753 9 205 576 
15 483 101 80 358 543 98 110 376 227 14 199 562 400 69 118 430 9 0 194 581 663 2 188 571 1081 82 136 433 763 11 194 574 
16 487 105 77 358 542 101 112 375 648 16 201 549 227 10 197 571 396 67 122 432 8 0 194 574 1081 81 136 433 768 11 184 578 
17 487 107 77 354 538 105 119 368 640 0 180 581 228 9 196 576 395 69 127 431 4 0 201 580 1081 83 135 429 778 14 170 566 
